1.63955771808078
1.63896142132084
1.63896142132084
1.63855593604019
1.63855593604019
1.57717977165042
1.63834232387370
1.63834232387370
1.57683136355934
1.57683136355934
1.50863863503942
1.50863895690559
1.43446726804816
1.43446726804816
1.35506380561737
1.35506419239776
1.27124101932595
1.27124064469949
1.18384424507946
1.18384395995797
1.09377463094098
1.09377505187026
0.997571380469735
1.63832116743717
1.63832116743717
1.57679680055788
1.57679680055788
1.50859186816766
1.50859186816766
1.43440800281507
1.43440831666285
1.35499469551700
1.35499416717873
1.27116177350008
1.27116161516924
1.18375595102079
1.18375638892215
1.09367960899845
1.09367953556732
1.00326563005219
1.63849252591802
1.63849252591802
1.57707648959171
1.57707624868424
1.50897362444963
1.50897394635152
1.63885559067185
1.63885592614136
1.63941043405018
1.63941041606938
1.70401567290300
1.70296889395898
1.70195835397152
1.70098680489076
1.70005701505655
1.69917191888089
1.69833293693246
1.69754348381173
1.69680572940324
1.69612105166007
1.69549170719324
1.69491944783383
1.69440553967574
1.69395205484395
1.69355996218450
1.69323030940231
1.69296436938957
1.69276187169879
1.69262471677129
1.69255195319017
1.69254477312763
1.69260288091568
1.69272643814654
1.69291410022044
1.69316634341161
1.69348246942810
1.69386061397756
1.69430103802840
1.69480118550395
1.69536103054155
1.69597796035739
1.69665029574903
1.69737684047595
1.69815518326331
1.69898321798457
1.69985858232361
1.70077918201329
1.70174144502642
1.70274366528399
1.70378305494385
1.70485569665696
1.70595957601107
1.70709121188481
1.70824786478620
1.70942552643112
1.71062085234484
1.71183158009475
1.71305321910256
1.71428263938483
1.71551602291445
1.71675063198510
1.71798289406530
1.71920825742854
1.72042468881118
1.72162768725102
1.72281408736611
1.72398029611077
1.72512352899454
1.72624026892798
0.999717966754936
0.996505140560386
1.77567296533255
1.77629363143123
1.77629363143123
1.77671581446331
1.77671581446331
1.80588152443319
1.77693826429475
1.77693826429475
1.80625508268115
1.80625508268115
1.82656296459799
1.82656331875841
1.83765359415019
1.83765359415019
1.83941532259280
1.83941558276676
1.83183151140392
1.83183125176688
1.81497786404077
1.81497751100531
1.78902915887796
1.78902932154684
1.75239176754103
1.77696029757266
1.77696029757266
1.80629207512041
1.80629207512041
1.82661513289030
1.82661513289030
1.83771996396195
1.83772031920237
1.83949726573827
1.83949645968168
1.83192664143011
1.83192683150256
1.81508648672850
1.81508665057774
1.78915068943792
1.78915078335803
1.75498431709128
1.77678184505286
1.77678184505286
1.80599274921043
1.80599230268879
1.82619440326217
1.82619475738687
1.77640311174958
1.77640346101329
1.77582624795530
1.77582626666924
1.72732731344319
1.72838155096341
1.72939990398274
1.73037953263008
1.73131757663577
1.73221169459612
1.73305831235039
1.73385597996472
1.73460243480963
1.73529483515412
1.73593152328754
1.73651066418159
1.73703022711339
1.73748944155090
1.73788658663401
1.73822055795223
1.73849071996035
1.73869524344013
1.73883494346871
1.73890800407679
1.73891528181520
1.73885638442273
1.73873184597658
1.73854097026033
1.73828536939728
1.73796577968684
1.73758205253740
1.73713672903186
1.73662968221078
1.73606375423094
1.73543957552065
1.73475890695574
1.73402440444348
1.73323788341583
1.73240154197708
1.73151783707807
1.73058964385386
1.72961856848122
1.72860846886007
1.72756222194276
1.72648177097772
1.72537127072854
1.72423359103418
1.72307222582319
1.72188987195563
1.72068992712052
1.71947675747999
1.71825282978068
1.71702198642947
1.71578737505303
1.71455311245860
1.71332276727071
1.71209881774952
1.71088601939847
1.70968678039245
1.70850490970024
1.70734326309021
1.70620593790214
1.70509569824036
1.75323027882943
1.75177465867052
0.464730741726441
0.462534660302493
0.464740457223344
0.457997458545605
1.38379792534856
1.38178563716050
1.38411718379066
1.37799423114985
1.63955771808078
1.63896142132084
1.63896142132084
1.63855593604019
1.63855593604019
1.57717977165042
1.63834232387370
1.63834232387370
1.57683136355934
1.57683136355934
1.50863863503942
1.50863895690559
1.43446726804816
1.43446726804816
1.35506380561737
1.35506419239776
1.27124101932595
1.27124064469949
1.18384424507946
1.18384395995797
1.09377463094098
1.09377505187026
0.997571380469735
1.63832116743717
1.63832116743717
1.57679680055788
1.57679680055788
1.50859186816766
1.50859186816766
1.43440800281507
1.43440831666285
1.35499469551700
1.35499416717873
1.27116177350008
1.27116161516924
1.18375595102079
1.18375638892215
1.09367960899845
1.09367953556732
1.00326563005219
1.63849252591802
1.63849252591802
1.57707648959171
1.57707624868424
1.50897362444963
1.50897394635152
1.63885559067185
1.63885592614136
1.63941043405018
1.63941041606938
1.70401567290300
1.70296889395898
1.70195835397152
1.70098680489076
1.70005701505655
1.69917191888089
1.69833293693246
1.69754348381173
1.69680572940324
1.69612105166007
1.69549170719324
1.69491944783383
1.69440553967574
1.69395205484395
1.69355996218450
1.69323030940231
1.69296436938957
1.69276187169879
1.69262471677129
1.69255195319017
1.69254477312763
1.69260288091568
1.69272643814654
1.69291410022044
1.69316634341161
1.69348246942810
1.69386061397756
1.69430103802840
1.69480118550395
1.69536103054155
1.69597796035739
1.69665029574903
1.69737684047595
1.69815518326331
1.69898321798457
1.69985858232361
1.70077918201329
1.70174144502642
1.70274366528399
1.70378305494385
1.70485569665696
1.70595957601107
1.70709121188481
1.70824786478620
1.70942552643112
1.71062085234484
1.71183158009475
1.71305321910256
1.71428263938483
1.71551602291445
1.71675063198510
1.71798289406530
1.71920825742854
1.72042468881118
1.72162768725102
1.72281408736611
1.72398029611077
1.72512352899454
1.72624026892798
0.999717966754936
0.996505140560386
1.77567296533255
1.77629363143123
1.77629363143123
1.77671581446331
1.77671581446331
1.80588152443319
1.77693826429475
1.77693826429475
1.80625508268115
1.80625508268115
1.82656296459799
1.82656331875841
1.83765359415019
1.83765359415019
1.83941532259280
1.83941558276676
1.83183151140392
1.83183125176688
1.81497786404077
1.81497751100531
1.78902915887796
1.78902932154684
1.75239176754103
1.77696029757266
1.77696029757266
1.80629207512041
1.80629207512041
1.82661513289030
1.82661513289030
1.83771996396195
1.83772031920237
1.83949726573827
1.83949645968168
1.83192664143011
1.83192683150256
1.81508648672850
1.81508665057774
1.78915068943792
1.78915078335803
1.75498431709128
1.77678184505286
1.77678184505286
1.80599274921043
1.80599230268879
1.82619440326217
1.82619475738687
1.77640311174958
1.77640346101329
1.77582624795530
1.77582626666924
1.72732731344319
1.72838155096341
1.72939990398274
1.73037953263008
1.73131757663577
1.73221169459612
1.73305831235039
1.73385597996472
1.73460243480963
1.73529483515412
1.73593152328754
1.73651066418159
1.73703022711339
1.73748944155090
1.73788658663401
1.73822055795223
1.73849071996035
1.73869524344013
1.73883494346871
1.73890800407679
1.73891528181520
1.73885638442273
1.73873184597658
1.73854097026033
1.73828536939728
1.73796577968684
1.73758205253740
1.73713672903186
1.73662968221078
1.73606375423094
1.73543957552065
1.73475890695574
1.73402440444348
1.73323788341583
1.73240154197708
1.73151783707807
1.73058964385386
1.72961856848122
1.72860846886007
1.72756222194276
1.72648177097772
1.72537127072854
1.72423359103418
1.72307222582319
1.72188987195563
1.72068992712052
1.71947675747999
1.71825282978068
1.71702198642947
1.71578737505303
1.71455311245860
1.71332276727071
1.71209881774952
1.71088601939847
1.70968678039245
1.70850490970024
1.70734326309021
1.70620593790214
1.70509569824036
1.75323027882943
1.75177465867052
0.464730741726441
0.462534660302493
0.464740457223344
0.457997458545605
1.38379792534856
1.38178563716050
1.38411718379066
1.37799423114985