0.783693043883467
0.782567028635206
0.782567028635206
0.781801677179181
0.781801677179181
0.691191479874253
0.781398597795858
0.781398597795858
0.690561015292299
0.690561015292299
0.602045712753555
0.602045861600070
0.516764583459962
0.516764583459962
0.435575607176419
0.435575860389270
0.359308993031179
0.359308763052339
0.288734197004691
0.288734093925030
0.224577933524995
0.224578206252435
0.164971577291779
0.781358680497963
0.781358680497963
0.690498526636901
0.690498526636901
0.601964594140633
0.601964594140633
0.516667780853219
0.516667918742221
0.435467871786541
0.435467745195801
0.359193897821750
0.359193667879747
0.288615358375283
0.288615667550731
0.224460312529561
0.224460221644261
0.168197110397280
0.781682016184855
0.781682016184855
0.691004255761227
0.691004255761227
0.602623971367501
0.602624120285482
0.782367710404785
0.782367880084292
0.783414864280783
0.783414830322181
0.896251098356044
0.894177917677161
0.892178183302257
0.890257158927148
0.888420130074557
0.886672207664353
0.885017483210055
0.883461019382446
0.882006902566746
0.880658645619581
0.879420019956159
0.878294301939614
0.877284312785584
0.876392996695913
0.875622614855162
0.874975107750681
0.874452384397985
0.874055301607996
0.873785567065363
0.873643229428948
0.873629136159292
0.873743194496005
0.873985250194635
0.874354172541322
0.874849485593466
0.875469896605555
0.876213311790738
0.877078396300223
0.878062219921831
0.879162913056708
0.880376968340438
0.881701250504051
0.883132598884027
0.884666941090718
0.886300316159046
0.888028258003523
0.889846333427683
0.891749161673088
0.893732075366555
0.895789742277480
0.897916068463722
0.900105738550255
0.902352498272693
0.904650551773173
0.906993055672351
0.909373466404950
0.911785872502482
0.914222897696602
0.916677850364508
0.919143640916932
0.921613805648850
0.924081188823388
0.926538156271240
0.928978566630347
0.931394834474248
0.933780009317875
0.936127268823860
0.938429874716160
0.940681113655481
0.166227867404179
0.164410201042733
1.05592353838702
1.05723144885598
1.05723144885598
1.05812143402541
1.05812143402541
1.14859498543979
1.05859047863795
1.05859047863795
1.14940845353592
1.14940845353592
1.23789437187068
1.23789458530572
1.32313723566402
1.32313723566402
1.40427864112727
1.40427864112727
1.48048997718712
1.48048997718712
1.55100143492732
1.55100119601971
1.61508698939895
1.61508674560561
1.67461235143437
1.05863694076894
1.05863694076894
1.14948907576197
1.14948907576197
1.23801112358591
1.23801112358591
1.32329170314698
1.32329192382126
1.40447301222908
1.40447233020170
1.48072363368180
1.48072410054639
1.55127642979071
1.55127619086192
1.61540247340850
1.61540271722568
1.67163448447547
1.05826065445452
1.05826065445452
1.14883677499868
1.14883636377034
1.23706552899259
1.23706574235616
1.05746275256024
1.05746294982817
1.05624649209103
1.05624653152191
0.942874379436428
0.945003231686012
0.947061283324686
0.949042614405794
0.950941253232995
0.952751759094803
0.954468234045917
0.956086011688426
0.957600313379519
0.959006212607681
0.960299652144758
0.961476734635136
0.962533687660874
0.963467770109817
0.964275863754189
0.964955604850521
0.965505085539543
0.965922045090680
0.966206020460209
0.966355331202184
0.966370153534441
0.966250201510119
0.965996065854729
0.965607912621098
0.965087537564803
0.964436517123031
0.963656188910427
0.962749778307145
0.961719213335505
0.960568360435502
0.959300198666967
0.957918472917481
0.956427726819090
0.954832341395758
0.953136964144048
0.951346767512442
0.949467257108813
0.947503408582685
0.945461682518712
0.943348076275309
0.941168217105232
0.938929127985190
0.936637256571439
0.934299273847161
0.931921746721362
0.929511615956295
0.927076227272960
0.924622119052848
0.922156544453802
0.919686345194074
0.917218766595854
0.914760935234212
0.912319276913203
0.909901227804937
0.907513020757102
0.905161653986138
0.902853202782738
0.900594692531357
0.898391972280246
1.67325249155316
1.67494923726300
1.94460457500003e-05
6.11202574999987e-06
1.83733818331995e-05
2.90969003519983e-06
1.83815381328999
1.83850806574177
1.83877182651647
1.83999645489853
0.783693043883467
0.782567028635206
0.782567028635206
0.781801677179181
0.781801677179181
0.691191479874253
0.781398597795858
0.781398597795858
0.690561015292299
0.690561015292299
0.602045712753555
0.602045861600070
0.516764583459962
0.516764583459962
0.435575607176419
0.435575860389270
0.359308993031179
0.359308763052339
0.288734197004691
0.288734093925030
0.224577933524995
0.224578206252435
0.164971577291779
0.781358680497963
0.781358680497963
0.690498526636901
0.690498526636901
0.601964594140633
0.601964594140633
0.516667780853219
0.516667918742221
0.435467871786541
0.435467745195801
0.359193897821750
0.359193667879747
0.288615358375283
0.288615667550731
0.224460312529561
0.224460221644261
0.168197110397280
0.781682016184855
0.781682016184855
0.691004255761227
0.691004255761227
0.602623971367501
0.602624120285482
0.782367710404785
0.782367880084292
0.783414864280783
0.783414830322181
0.896251098356044
0.894177917677161
0.892178183302257
0.890257158927148
0.888420130074557
0.886672207664353
0.885017483210055
0.883461019382446
0.882006902566746
0.880658645619581
0.879420019956159
0.878294301939614
0.877284312785584
0.876392996695913
0.875622614855162
0.874975107750681
0.874452384397985
0.874055301607996
0.873785567065363
0.873643229428948
0.873629136159292
0.873743194496005
0.873985250194635
0.874354172541322
0.874849485593466
0.875469896605555
0.876213311790738
0.877078396300223
0.878062219921831
0.879162913056708
0.880376968340438
0.881701250504051
0.883132598884027
0.884666941090718
0.886300316159046
0.888028258003523
0.889846333427683
0.891749161673088
0.893732075366555
0.895789742277480
0.897916068463722
0.900105738550255
0.902352498272693
0.904650551773173
0.906993055672351
0.909373466404950
0.911785872502482
0.914222897696602
0.916677850364508
0.919143640916932
0.921613805648850
0.924081188823388
0.926538156271240
0.928978566630347
0.931394834474248
0.933780009317875
0.936127268823860
0.938429874716160
0.940681113655481
0.166227867404179
0.164410201042733
1.05592353838702
1.05723144885598
1.05723144885598
1.05812143402541
1.05812143402541
1.14859498543979
1.05859047863795
1.05859047863795
1.14940845353592
1.14940845353592
1.23789437187068
1.23789458530572
1.32313723566402
1.32313723566402
1.40427864112727
1.40427864112727
1.48048997718712
1.48048997718712
1.55100143492732
1.55100119601971
1.61508698939895
1.61508674560561
1.67461235143437
1.05863694076894
1.05863694076894
1.14948907576197
1.14948907576197
1.23801112358591
1.23801112358591
1.32329170314698
1.32329192382126
1.40447301222908
1.40447233020170
1.48072363368180
1.48072410054639
1.55127642979071
1.55127619086192
1.61540247340850
1.61540271722568
1.67163448447547
1.05826065445452
1.05826065445452
1.14883677499868
1.14883636377034
1.23706552899259
1.23706574235616
1.05746275256024
1.05746294982817
1.05624649209103
1.05624653152191
0.942874379436428
0.945003231686012
0.947061283324686
0.949042614405794
0.950941253232995
0.952751759094803
0.954468234045917
0.956086011688426
0.957600313379519
0.959006212607681
0.960299652144758
0.961476734635136
0.962533687660874
0.963467770109817
0.964275863754189
0.964955604850521
0.965505085539543
0.965922045090680
0.966206020460209
0.966355331202184
0.966370153534441
0.966250201510119
0.965996065854729
0.965607912621098
0.965087537564803
0.964436517123031
0.963656188910427
0.962749778307145
0.961719213335505
0.960568360435502
0.959300198666967
0.957918472917481
0.956427726819090
0.954832341395758
0.953136964144048
0.951346767512442
0.949467257108813
0.947503408582685
0.945461682518712
0.943348076275309
0.941168217105232
0.938929127985190
0.936637256571439
0.934299273847161
0.931921746721362
0.929511615956295
0.927076227272960
0.924622119052848
0.922156544453802
0.919686345194074
0.917218766595854
0.914760935234212
0.912319276913203
0.909901227804937
0.907513020757102
0.905161653986138
0.902853202782738
0.900594692531357
0.898391972280246
1.67325249155316
1.67494923726300
1.94460457500003e-05
6.11202574999987e-06
1.83733818331995e-05
2.90969003519983e-06
1.83815381328999
1.83850806574177
1.83877182651647
1.83999645489853