1.25676964188970
1.25576119494386
1.25576119494386
1.25507557158748
1.25507557158748
1.16733677434631
1.25471442212695
1.25471442212695
1.16675746657394
1.16675746657394
1.07628431553414
1.07628455927765
0.984227333727862
0.984227333727862
0.891512925622083
0.891513275536268
0.799089542960354
0.799089211680244
0.707889513572436
0.707889315897208
0.618852630974385
0.618853029219218
0.528902177524237
1.25467865494533
1.25467865494533
1.16670003113716
1.16670003113716
1.07620772458508
1.07620772458508
0.984132767524828
0.984133000600213
0.891404122535041
0.891403806958432
0.798968169363982
0.798967926868522
0.707757846732480
0.707758272623880
0.618714556759503
0.618714450062049
0.534032859417131
1.25496836250154
1.25496836250154
1.16716482987793
1.16716472259856
1.07683096228701
1.07683120609241
1.25558254307117
1.25558280633561
1.25652053705770
1.25652050664719
1.35900786957050
1.35720225383138
1.35545976026188
1.35378506745854
1.35218287839680
1.35065786356064
1.34921334508019
1.34785418665848
1.34658405390086
1.34540587986419
1.34432316693877
1.34333886618781
1.34245541099632
1.34167568183291
1.34100160984913
1.34043495301757
1.33997754832407
1.33962984289927
1.33939382362236
1.33926909550493
1.33925675694767
1.33935661298447
1.33956863409563
1.33989146577497
1.34032500612605
1.34086808367923
1.34151847172655
1.34227540402976
1.34313579059818
1.34409838263039
1.34515968752168
1.34631687848150
1.34756733307716
1.34890728409026
1.35033317558045
1.35184101053083
1.35342693735723
1.35508581850173
1.35681383554462
1.35860624891188
1.36045731468041
1.36236266891211
1.36431667592045
1.36631434012775
1.36834941770824
1.37041616907605
1.37250976408738
1.37462341622590
1.37675141154971
1.37888747171646
1.38102622383052
1.38316147617895
1.38528628669889
1.38739583561410
1.38948324946716
1.39154268416749
1.39356818417514
1.39555422931039
1.39749497988560
0.530874840277908
0.527979837291499
1.49252816581458
1.49362756037077
1.49362756037077
1.49437550058385
1.49437550058385
1.56345982994612
1.49476963265899
1.49476963265899
1.56413100455433
1.56413100455433
1.62694540729184
1.62694570697066
1.68256653545361
1.68256653545361
1.73043436174658
1.73043449237200
1.77006075747944
1.77006062536685
1.80104500797825
1.80104469267256
1.82306879755355
1.82306874847826
1.83628943852053
1.49480867225715
1.49480867225715
1.56419750677644
1.56419750677644
1.62704017707361
1.62704017707361
1.68268957553147
1.68268988030101
1.73058719055599
1.73058639395714
1.77024141171843
1.77024177267519
1.80125441094792
1.80125436216712
1.82330580327549
1.82330598643888
1.83604781836781
1.49449248938718
1.49449248938718
1.56365942221619
1.56365895880263
1.62627346840690
1.62627376802383
1.49382183803295
1.49382212518965
1.49279965769724
1.49279969084389
1.39938481539390
1.40121826691837
1.40298991911975
1.40469476527609
1.40632775932514
1.40788443377009
1.40935945961595
1.41074927494511
1.41204986802343
1.41325686320059
1.41436698306284
1.41537696605072
1.41628353529507
1.41708464763812
1.41777757552371
1.41836034935119
1.41883150059585
1.41918877651823
1.41943228409158
1.41956013087880
1.41957283396736
1.41947003108676
1.41925233788020
1.41891952287440
1.41847345152125
1.41791543713622
1.41724622469220
1.41646899722508
1.41558487209865
1.41459756806687
1.41350920993318
1.41232292929742
1.41104277584256
1.40967230322113
1.40821541063926
1.40667644829532
1.40506017186218
1.40337041269431
1.40161298946618
1.39979297431567
1.39791477417222
1.39598471042378
1.39400814756978
1.39199088663357
1.38993829743977
1.38785631817273
1.38575159975149
1.38362940609998
1.38149609981060
1.37935746740721
1.37722000836000
1.37508989980101
1.37297237596149
1.37087437555469
1.36880099209967
1.36675846143567
1.36475199769632
1.36278800038153
1.36087150915042
1.83599644891962
1.83614501606631
0.126140449589412
0.124838472855627
0.126097719012775
0.122102189730128
1.71801150719216
1.71702786968102
1.71850492072373
1.71558334268008
1.25676964188970
1.25576119494386
1.25576119494386
1.25507557158748
1.25507557158748
1.16733677434631
1.25471442212695
1.25471442212695
1.16675746657394
1.16675746657394
1.07628431553414
1.07628455927765
0.984227333727862
0.984227333727862
0.891512925622083
0.891513275536268
0.799089542960354
0.799089211680244
0.707889513572436
0.707889315897208
0.618852630974385
0.618853029219218
0.528902177524237
1.25467865494533
1.25467865494533
1.16670003113716
1.16670003113716
1.07620772458508
1.07620772458508
0.984132767524828
0.984133000600213
0.891404122535041
0.891403806958432
0.798968169363982
0.798967926868522
0.707757846732480
0.707758272623880
0.618714556759503
0.618714450062049
0.534032859417131
1.25496836250154
1.25496836250154
1.16716482987793
1.16716472259856
1.07683096228701
1.07683120609241
1.25558254307117
1.25558280633561
1.25652053705770
1.25652050664719
1.35900786957050
1.35720225383138
1.35545976026188
1.35378506745854
1.35218287839680
1.35065786356064
1.34921334508019
1.34785418665848
1.34658405390086
1.34540587986419
1.34432316693877
1.34333886618781
1.34245541099632
1.34167568183291
1.34100160984913
1.34043495301757
1.33997754832407
1.33962984289927
1.33939382362236
1.33926909550493
1.33925675694767
1.33935661298447
1.33956863409563
1.33989146577497
1.34032500612605
1.34086808367923
1.34151847172655
1.34227540402976
1.34313579059818
1.34409838263039
1.34515968752168
1.34631687848150
1.34756733307716
1.34890728409026
1.35033317558045
1.35184101053083
1.35342693735723
1.35508581850173
1.35681383554462
1.35860624891188
1.36045731468041
1.36236266891211
1.36431667592045
1.36631434012775
1.36834941770824
1.37041616907605
1.37250976408738
1.37462341622590
1.37675141154971
1.37888747171646
1.38102622383052
1.38316147617895
1.38528628669889
1.38739583561410
1.38948324946716
1.39154268416749
1.39356818417514
1.39555422931039
1.39749497988560
0.530874840277908
0.527979837291499
1.49252816581458
1.49362756037077
1.49362756037077
1.49437550058385
1.49437550058385
1.56345982994612
1.49476963265899
1.49476963265899
1.56413100455433
1.56413100455433
1.62694540729184
1.62694570697066
1.68256653545361
1.68256653545361
1.73043436174658
1.73043449237200
1.77006075747944
1.77006062536685
1.80104500797825
1.80104469267256
1.82306879755355
1.82306874847826
1.83628943852053
1.49480867225715
1.49480867225715
1.56419750677644
1.56419750677644
1.62704017707361
1.62704017707361
1.68268957553147
1.68268988030101
1.73058719055599
1.73058639395714
1.77024141171843
1.77024177267519
1.80125441094792
1.80125436216712
1.82330580327549
1.82330598643888
1.83604781836781
1.49449248938718
1.49449248938718
1.56365942221619
1.56365895880263
1.62627346840690
1.62627376802383
1.49382183803295
1.49382212518965
1.49279965769724
1.49279969084389
1.39938481539390
1.40121826691837
1.40298991911975
1.40469476527609
1.40632775932514
1.40788443377009
1.40935945961595
1.41074927494511
1.41204986802343
1.41325686320059
1.41436698306284
1.41537696605072
1.41628353529507
1.41708464763812
1.41777757552371
1.41836034935119
1.41883150059585
1.41918877651823
1.41943228409158
1.41956013087880
1.41957283396736
1.41947003108676
1.41925233788020
1.41891952287440
1.41847345152125
1.41791543713622
1.41724622469220
1.41646899722508
1.41558487209865
1.41459756806687
1.41350920993318
1.41232292929742
1.41104277584256
1.40967230322113
1.40821541063926
1.40667644829532
1.40506017186218
1.40337041269431
1.40161298946618
1.39979297431567
1.39791477417222
1.39598471042378
1.39400814756978
1.39199088663357
1.38993829743977
1.38785631817273
1.38575159975149
1.38362940609998
1.38149609981060
1.37935746740721
1.37722000836000
1.37508989980101
1.37297237596149
1.37087437555469
1.36880099209967
1.36675846143567
1.36475199769632
1.36278800038153
1.36087150915042
1.83599644891962
1.83614501606631
0.126140449589412
0.124838472855627
0.126097719012775
0.122102189730128
1.71801150719216
1.71702786968102
1.71850492072373
1.71558334268008