1.82948951656903
1.82948951656903
1.82948951656903
1.82948951656903
1.82948951656903
1.81090337163540
1.82948951656903
1.82948951656903
1.81090373671416
1.81090373671416
1.78325968051386
1.78326004279542
1.74684295961948
1.74684295961948
1.70202016321682
1.70202051715000
1.64925081533064
1.64925046692736
1.58906670558468
1.58906636359740
1.52208896706596
1.52208930176845
1.44539965168169
1.82948951656903
1.82948951656903
1.81090373671416
1.81090373671416
1.78326004279542
1.78326004279542
1.74684260105620
1.74684295961948
1.70202087108322
1.70202016321682
1.64925081533064
1.64925081533064
1.58906636359740
1.58906670558468
1.52208896706596
1.52208896706596
1.45016488034857
1.82948951656903
1.82948951656903
1.81090373671416
1.81090337163540
1.78325968051386
1.78326004279542
1.82948914962161
1.82948951656903
1.82948951656903
1.82948951656903
1.83882994606816
1.83882994606816
1.83882994606816
1.83882994606816
1.83882994606816
1.83883031395115
1.83882994606816
1.83882994606816
1.83883031395115
1.83883031395115
1.83883031395115
1.83883031395115
1.83882994606816
1.83882994606816
1.83882994606816
1.83882994606816
1.83883031395115
1.83882994606816
1.83883031395115
1.83882994606816
1.83882994606816
1.83882994606816
1.83883031395115
1.83882994606816
1.83882994606816
1.83883031395115
1.83882994606816
1.83883031395115
1.83882994606816
1.83883031395115
1.83883031395115
1.83882994606816
1.83882994606816
1.83882994606816
1.83882994606816
1.83882994606816
1.83883031395115
1.83882994606816
1.83882994606816
1.83883031395115
1.83882994606816
1.83882994606816
1.83882994606816
1.83883031395115
1.83883031395115
1.83882994606816
1.83883031395115
1.83883031395115
1.83883031395115
1.83882994606816
1.83882994606816
1.83883031395115
1.83882994606816
1.83883031395115
1.83883031395115
1.83883031395115
1.83882994606816
1.83882994606816
1.83882994606816
1.44713110971886
1.44444513420495
1.82948951656903
1.82948951656903
1.82948951656903
1.82948951656903
1.82948951656903
1.81090337163540
1.82948951656903
1.82948951656903
1.81090373671416
1.81090373671416
1.78325968051386
1.78326004279542
1.74684295961948
1.74684295961948
1.70202016321682
1.70202051715000
1.64925081533064
1.64925046692736
1.58906670558468
1.58906636359740
1.52208896706596
1.52208930176845
1.44539965168169
1.82948951656903
1.82948951656903
1.81090373671416
1.81090373671416
1.78326004279542
1.78326004279542
1.74684260105620
1.74684295961948
1.70202087108322
1.70202016321682
1.64925081533064
1.64925081533064
1.58906636359740
1.58906670558468
1.52208896706596
1.52208896706596
1.45016488034857
1.82948951656903
1.82948951656903
1.81090373671416
1.81090337163540
1.78325968051386
1.78326004279542
1.82948914962161
1.82948951656903
1.82948951656903
1.82948951656903
1.83882994606816
1.83882994606816
1.83882994606816
1.83882994606816
1.83882994606816
1.83883031395115
1.83882994606816
1.83882994606816
1.83883031395115
1.83883031395115
1.83883031395115
1.83883031395115
1.83882994606816
1.83882994606816
1.83882994606816
1.83882994606816
1.83883031395115
1.83882994606816
1.83883031395115
1.83882994606816
1.83882994606816
1.83882994606816
1.83883031395115
1.83882994606816
1.83882994606816
1.83883031395115
1.83882994606816
1.83883031395115
1.83882994606816
1.83883031395115
1.83883031395115
1.83882994606816
1.83882994606816
1.83882994606816
1.83882994606816
1.83882994606816
1.83883031395115
1.83882994606816
1.83882994606816
1.83883031395115
1.83882994606816
1.83882994606816
1.83882994606816
1.83883031395115
1.83883031395115
1.83882994606816
1.83883031395115
1.83883031395115
1.83883031395115
1.83882994606816
1.83882994606816
1.83883031395115
1.83882994606816
1.83883031395115
1.83883031395115
1.83883031395115
1.83882994606816
1.83882994606816
1.83882994606816
1.44713110971886
1.44444513420495
0.925065327113702
0.922609253652890
0.925207539787354
0.917685850115923
0.925065327113702
0.922609253652890
0.925207539787354
0.917685850115923
1.82948951656903
1.82948951656903
1.82948951656903
1.82948951656903
1.82948951656903
1.81090337163540
1.82948951656903
1.82948951656903
1.81090373671416
1.81090373671416
1.78325968051386
1.78326004279542
1.74684295961948
1.74684295961948
1.70202016321682
1.70202051715000
1.64925081533064
1.64925046692736
1.58906670558468
1.58906636359740
1.52208896706596
1.52208930176845
1.44539965168169
1.82948951656903
1.82948951656903
1.81090373671416
1.81090373671416
1.78326004279542
1.78326004279542
1.74684260105620
1.74684295961948
1.70202087108322
1.70202016321682
1.64925081533064
1.64925081533064
1.58906636359740
1.58906670558468
1.52208896706596
1.52208896706596
1.45016488034857
1.82948951656903
1.82948951656903
1.81090373671416
1.81090337163540
1.78325968051386
1.78326004279542
1.82948914962161
1.82948951656903
1.82948951656903
1.82948951656903
1.83882994606816
1.83882994606816
1.83882994606816
1.83882994606816
1.83882994606816
1.83883031395115
1.83882994606816
1.83882994606816
1.83883031395115
1.83883031395115
1.83883031395115
1.83883031395115
1.83882994606816
1.83882994606816
1.83882994606816
1.83882994606816
1.83883031395115
1.83882994606816
1.83883031395115
1.83882994606816
1.83882994606816
1.83882994606816
1.83883031395115
1.83882994606816
1.83882994606816
1.83883031395115
1.83882994606816
1.83883031395115
1.83882994606816
1.83883031395115
1.83883031395115
1.83882994606816
1.83882994606816
1.83882994606816
1.83882994606816
1.83882994606816
1.83883031395115
1.83882994606816
1.83882994606816
1.83883031395115
1.83882994606816
1.83882994606816
1.83882994606816
1.83883031395115
1.83883031395115
1.83882994606816
1.83883031395115
1.83883031395115
1.83883031395115
1.83882994606816
1.83882994606816
1.83883031395115
1.83882994606816
1.83883031395115
1.83883031395115
1.83883031395115
1.83882994606816
1.83882994606816
1.83882994606816
1.44713110971886
1.44444513420495
1.82948951656903
1.82948951656903
1.82948951656903
1.82948951656903
1.82948951656903
1.81090337163540
1.82948951656903
1.82948951656903
1.81090373671416
1.81090373671416
1.78325968051386
1.78326004279542
1.74684295961948
1.74684295961948
1.70202016321682
1.70202051715000
1.64925081533064
1.64925046692736
1.58906670558468
1.58906636359740
1.52208896706596
1.52208930176845
1.44539965168169
1.82948951656903
1.82948951656903
1.81090373671416
1.81090373671416
1.78326004279542
1.78326004279542
1.74684260105620
1.74684295961948
1.70202087108322
1.70202016321682
1.64925081533064
1.64925081533064
1.58906636359740
1.58906670558468
1.52208896706596
1.52208896706596
1.45016488034857
1.82948951656903
1.82948951656903
1.81090373671416
1.81090337163540
1.78325968051386
1.78326004279542
1.82948914962161
1.82948951656903
1.82948951656903
1.82948951656903
1.83882994606816
1.83882994606816
1.83882994606816
1.83882994606816
1.83882994606816
1.83883031395115
1.83882994606816
1.83882994606816
1.83883031395115
1.83883031395115
1.83883031395115
1.83883031395115
1.83882994606816
1.83882994606816
1.83882994606816
1.83882994606816
1.83883031395115
1.83882994606816
1.83883031395115
1.83882994606816
1.83882994606816
1.83882994606816
1.83883031395115
1.83882994606816
1.83882994606816
1.83883031395115
1.83882994606816
1.83883031395115
1.83882994606816
1.83883031395115
1.83883031395115
1.83882994606816
1.83882994606816
1.83882994606816
1.83882994606816
1.83882994606816
1.83883031395115
1.83882994606816
1.83882994606816
1.83883031395115
1.83882994606816
1.83882994606816
1.83882994606816
1.83883031395115
1.83883031395115
1.83882994606816
1.83883031395115
1.83883031395115
1.83883031395115
1.83882994606816
1.83882994606816
1.83883031395115
1.83882994606816
1.83883031395115
1.83883031395115
1.83883031395115
1.83882994606816
1.83882994606816
1.83882994606816
1.44713110971886
1.44444513420495
0.925065327113702
0.922609253652890
0.925207539787354
0.917685850115923
0.925065327113702
0.922609253652890
0.925207539787354
0.917685850115923